%  Matlab mesh
% plateHole_L5R.1, Created by Gmsh
% ASCII
clear msh;
msh.nbNod = 127;
msh.POS = [
0 1 0;
1 0 0;
4 0 0;
4 4 0;
0 4 0;
0.3826834332336513 0.9238795321515167 0;
0.7071067827963323 0.7071067795767627 0;
0.9238795330035807 0.3826834311765871 0;
1.374999999998402 0 0;
1.74999999999629 0 0;
2.124999999996207 0 0;
2.49999999999631 0 0;
2.874999999996795 0 0;
3.249999999998153 0 0;
3.624999999998931 0 0;
4 0.4999999999991029 0;
4 0.9999999999976482 0;
4 1.499999999996212 0;
4 1.999999999994776 0;
4 2.499999999996071 0;
4 2.999999999997367 0;
4 3.499999999998683 0;
3.500000000000419 4 0;
3.000000000001386 4 0;
2.500000000004512 4 0;
2.000000000008237 4 0;
1.500000000006199 4 0;
1.000000000004162 4 0;
0.5000000000020806 4 0;
0 3.625000000001211 0;
0 3.250000000003515 0;
0 2.875000000003175 0;
0 2.500000000002347 0;
0 2.125000000002245 0;
0 1.750000000001176 0;
0 1.37500000000059 0;
0.6622316849234432 2.026759935377637 0;
2.1667333066315 0.5791274810964666 0;
2.819881587794159 2.427698921608882 0;
1.337720069645423 3.037541566116137 0;
2.965751880557472 1.374848091725123 0;
2.331943398911423 1.794991616330038 0;
2.761255807215054 0.6073709651309966 0;
2.128936675589018 3.195861279330572 0;
0.6383437820455257 2.764418766382232 0;
1.659195909224729 0.6221902315773947 0;
1.151576422929214 1.37949548022166 0;
2.437551300316054 0.9151161014124586 0;
0.6406996204179657 1.490116063251053 0;
1.550379168996924 2.191501704575512 0;
1.871714512346809 1.201354136135758 0;
2.190426516065337 2.629455304818763 0;
3.014127435455251 3.159710566055078 0;
0.5159199128559623 3.291238471649162 0;
3.246854791815572 0.7418929136693063 0;
0.9880319258454746 2.900980166249185 0;
0.6502877334844844 2.395589350879935 0;
1.106305426960183 2.109130819976575 0;
1.444049619321174 2.614521635345825 0;
1.047168676402829 2.50505549311288 0;
1.168860034824792 3.518770783058069 0;
0.7579599564300619 3.645619235824581 0;
0.577131847450744 3.027828619015697 0;
0.8729959411377681 3.273299701036883 0;
0.6514656526707044 1.758437999314345 0;
0.8961380216735897 1.434805771736356 0;
1.350977795963069 1.785498592398586 0;
1.001221724316886 1.771968295856466 0;
2.648847639734448 1.58491985402758 0;
3.482875940278736 1.687424045859949 0;
3.409940793897079 2.213849460801829 0;
2.575912493352791 2.11134526896946 0;
3.029394216815763 1.899384657414705 0;
3.623427395907786 0.8709464568334773 0;
3.106303336186522 1.058370502697215 0;
3.553151668093261 1.279185251346713 0;
1.941161283954173 1.993246660452775 0;
1.511645467638012 1.290424808178709 0;
2.101828955629116 1.498172876232898 0;
1.726403375796092 1.641835734315742 0;
1.73332837261722 3.116701422723355 0;
2.064468337798627 3.597930639665286 0;
1.61666418631171 3.558350711361677 0;
1.704597954610509 0.3110951157886974 0;
1.183151346010531 0.6646485055770788 0;
1.314238743807174 0.3468892734826422 0;
3.007063717728318 3.579855283027539 0;
3.507063717727625 3.079855283026222 0;
3.503531858864022 3.539927641513111 0;
0.3311158424617216 1.888379967689406 0;
0.3191718910227628 2.632209383192289 0;
0.3251438667422422 2.26029467544109 0;
2.333366653313905 0.2895637405482333 0;
1.912964607928114 0.6006588563369306 0;
2.018982303962161 0.3003294281684653 0;
2.154632906331432 1.058235118774108 0;
2.701651590436763 1.144982096568791 0;
2.40174027303294 1.321577486400844 0;
2.599403553765554 0.7612435332717276 0;
3.004055299515313 0.6746319394001514 0;
2.852853444976038 0.9098070179844711 0;
2.630627903605682 0.3036854825654983 0;
2.302142303473777 0.7471217912544625 0;
2.466385103539729 0.5254036369099805 0;
0.929341602862773 1.043301129899211 0;
0.3203498102089828 1.245058031625526 0;
0.6394107274536205 1.179342651943937 0;
2.571532055522134 3.177785922692825 0;
2.535766027763323 3.588892961346413 0;
0.3257328263353522 1.566718999657467 0;
1.765455210785769 0.9117721838565762 0;
1.347398406824271 0.9775366568778939 0;
1.87040284253113 2.410478504697138 0;
2.159681595827177 2.912658292074668 0;
1.801865607574175 2.763589963710246 0;
2.917004511624705 2.79370474383198 0;
3.458502255812352 2.646852371914026 0;
3.248427395906862 0.3709464568346532 0;
2.939527649756054 0.3373159697000757 0;
0.2579599564279811 3.270619235826339 0;
0.288565923725372 2.951414309509436 0;
2.505154051929748 2.528577113213822 0;
2.538343053725941 2.853181517953324 0;
0.3789799782150308 3.635309617912896 0;
3.624213697953358 0.4354732284168781 0;
2.223157667941961 2.260911886833298 0;
2.033798757129773 0.8294469875555194 0;
];
msh.MAX = max(msh.POS);
msh.MIN = min(msh.POS);
msh.LINES =[
 2 9 -2
 9 10 -2
 10 11 -2
 11 12 -2
 12 13 -2
 13 14 -2
 14 15 -2
 15 3 -2
 3 16 1
 16 17 1
 17 18 1
 18 19 1
 19 20 1
 20 21 1
 21 22 1
 22 4 1
 5 30 -1
 30 31 -1
 31 32 -1
 32 33 -1
 33 34 -1
 34 35 -1
 35 36 -1
 36 1 -1
];
msh.QUADS =[
 40 56 60 59 1
 56 45 57 60 1
 60 57 37 58 1
 59 60 58 50 1
 45 56 64 63 1
 56 40 61 64 1
 64 61 28 62 1
 63 64 62 54 1
 50 58 68 67 1
 58 37 65 68 1
 68 65 49 66 1
 67 68 66 47 1
 42 69 73 72 1
 69 41 70 73 1
 73 70 19 71 1
 72 73 71 39 1
 55 74 76 75 1
 74 17 18 76 1
 76 18 19 70 1
 75 76 70 41 1
 42 77 80 79 1
 77 50 67 80 1
 80 67 47 78 1
 79 80 78 51 1
 28 61 83 27 1
 61 40 81 83 1
 83 81 44 82 1
 27 83 82 26 1
 7 8 86 85 1
 8 2 9 86 1
 86 9 10 84 1
 85 86 84 46 1
 24 87 89 23 1
 87 53 88 89 1
 89 88 21 22 1
 23 89 22 4 1
 35 90 92 34 1
 90 37 57 92 1
 92 57 45 91 1
 34 92 91 33 1
 12 93 95 11 1
 93 38 94 95 1
 95 94 46 84 1
 11 95 84 10 1
 51 96 98 79 1
 96 48 97 98 1
 98 97 41 69 1
 79 98 69 42 1
 55 75 101 100 1
 75 41 97 101 1
 101 97 48 99 1
 100 101 99 43 1
 12 102 104 93 1
 102 43 99 104 1
 104 99 48 103 1
 93 104 103 38 1
 1 6 107 106 1
 6 7 105 107 1
 107 105 47 66 1
 106 107 66 49 1
 26 82 109 25 1
 82 44 108 109 1
 109 108 53 87 1
 25 109 87 24 1
 37 90 110 65 1
 90 35 36 110 1
 110 36 1 106 1
 65 110 106 49 1
 7 85 112 105 1
 85 46 111 112 1
 112 111 51 78 1
 105 112 78 47 1
 50 113 115 59 1
 113 52 114 115 1
 115 114 44 81 1
 59 115 81 40 1
 19 20 117 71 1
 20 21 88 117 1
 117 88 53 116 1
 71 117 116 39 1
 12 13 119 102 1
 13 14 118 119 1
 119 118 55 100 1
 102 119 100 43 1
 33 91 121 32 1
 91 45 63 121 1
 121 63 54 120 1
 32 121 120 31 1
 52 122 123 114 1
 122 39 116 123 1
 123 116 53 108 1
 114 123 108 44 1
 28 29 124 62 1
 29 5 30 124 1
 124 30 31 120 1
 62 124 120 54 1
 17 74 125 16 1
 74 55 118 125 1
 125 118 14 15 1
 16 125 15 3 1
 39 122 126 72 1
 122 52 113 126 1
 126 113 50 77 1
 72 126 77 42 1
 46 94 127 111 1
 94 38 103 127 1
 127 103 48 96 1
 111 127 96 51 1
];
